{
  "advancedEditorSelectedIdentifier" : "ProjectBrowser",
  "openSceneRelativePaths" : [
    "Scene.usda",
    "ImmersiveScene.usda"
  ],
  "recentIdentifiers" : {
    "90C576A0-F90A-43B8-9998-14918A66F863" : [

    ],
    "F79D64AA-66F6-43C0-9E5D-D961560C1412" : [

    ]
  },
  "sceneCameraHistory" : {
    "90C576A0-F90A-43B8-9998-14918A66F863" : [
      {
        "date" : 763580869.133622,
        "title" : "Untitled",
        "transform" : [
          0.99999905,
          -5.2893877e-11,
          -0.0014241514,
          0,
          -0.0001793178,
          0.99204147,
          -0.12591194,
          0,
          0.001412817,
          0.12591204,
          0.9920404,
          0,
          0.0076424256,
          0.6263336,
          5.9035883,
          1
        ]
      },
      {
        "date" : 763580864.658511,
        "title" : "Untitled",
        "transform" : [
          0.99999905,
          -5.2893877e-11,
          -0.0014241514,
          0,
          -0.0001793178,
          0.99204147,
          -0.12591194,
          0,
          0.001412817,
          0.12591204,
          0.9920404,
          0,
          0.00036504865,
          0.029917493,
          0.28199118,
          1
        ]
      },
      {
        "date" : 763579394.303711,
        "title" : "Untitled",
        "transform" : [
          0.999999,
          -6.964554e-11,
          -0.0014241516,
          0,
          -0.00017931948,
          0.99204135,
          -0.12591195,
          0,
          0.0014128172,
          0.12591214,
          0.9920404,
          0,
          -0.06672495,
          0.25649586,
          0.8079462,
          1
        ]
      },
      {
        "date" : 763579393.232099,
        "title" : "Untitled",
        "transform" : [
          0.999999,
          -6.964554e-11,
          -0.0014241516,
          0,
          -0.00017931948,
          0.99204135,
          -0.12591195,
          0,
          0.0014128172,
          0.12591214,
          0.9920404,
          0,
          -0.030008877,
          0.15209174,
          0.6456135,
          1
        ]
      },
      {
        "date" : 763575481.089306,
        "title" : "Untitled",
        "transform" : [
          0.999999,
          -6.964554e-11,
          -0.0014241516,
          0,
          -0.0001793195,
          0.99204147,
          -0.12591197,
          0,
          0.0014128172,
          0.12591214,
          0.9920404,
          0,
          0.00072592683,
          0.06469564,
          0.5097257,
          1
        ]
      },
      {
        "date" : 763575477.916657,
        "title" : "Untitled",
        "transform" : [
          0.9994964,
          -1.5907936e-10,
          0.031732954,
          0,
          0.020865873,
          0.7534146,
          -0.65721476,
          0,
          -0.023908067,
          0.65754586,
          0.75303507,
          0,
          -0.012284335,
          0.33785725,
          0.38692105,
          1
        ]
      }
    ],
    "F79D64AA-66F6-43C0-9E5D-D961560C1412" : [
      {
        "date" : 763612935.526194,
        "title" : "Untitled",
        "transform" : [
          0.98947144,
          4.000758e-09,
          -0.14472772,
          0,
          -0.02873164,
          0.98009634,
          -0.19643217,
          0,
          0.14184712,
          0.19852217,
          0.96977735,
          0,
          0.14869565,
          2.5740898,
          4.0273128,
          1
        ]
      },
      {
        "date" : 763612669.347674,
        "title" : "Untitled",
        "transform" : [
          0.9829505,
          -2.9184413e-09,
          -0.18387066,
          0,
          -0.008517143,
          0.9989266,
          -0.045531817,
          0,
          0.18367329,
          0.04632144,
          0.9818953,
          0,
          0.39145893,
          1.6631824,
          4.0544415,
          1
        ]
      },
      {
        "date" : 763612665.461997,
        "title" : "Untitled",
        "transform" : [
          0.9500912,
          -1.0550566e-09,
          -0.31197235,
          0,
          -0.13417563,
          0.9027868,
          -0.40862316,
          0,
          0.28164455,
          0.43008825,
          0.85772985,
          0,
          1.0740538,
          4.061039,
          3.553277,
          1
        ]
      },
      {
        "date" : 763610984.72372,
        "title" : "Untitled",
        "transform" : [
          0.95009106,
          -1.0550565e-09,
          -0.31197232,
          0,
          -0.13417563,
          0.9027868,
          -0.40862316,
          0,
          0.28164452,
          0.4300882,
          0.85772973,
          0,
          0.4970229,
          3.5880919,
          3.9798975,
          1
        ]
      },
      {
        "date" : 763610977.878036,
        "title" : "Untitled",
        "transform" : [
          0.9484827,
          4.3078643e-09,
          -0.31682885,
          0,
          -0.24508673,
          0.63372076,
          -0.73371017,
          0,
          0.20078105,
          0.7735618,
          0.6010732,
          0,
          0.13126028,
          5.979325,
          2.6701474,
          1
        ]
      },
      {
        "date" : 763610972.027996,
        "title" : "Untitled",
        "transform" : [
          0.99329025,
          3.821538e-09,
          -0.115647845,
          0,
          -0.02779539,
          0.97068757,
          -0.23873252,
          0,
          0.11225793,
          0.24034509,
          0.96417445,
          0,
          -0.64210343,
          2.6062136,
          4.0091076,
          1
        ]
      },
      {
        "date" : 763610964.967282,
        "title" : "Untitled",
        "transform" : [
          0.99329025,
          3.821538e-09,
          -0.115647845,
          0,
          -0.02779539,
          0.97068757,
          -0.23873252,
          0,
          0.11225793,
          0.24034509,
          0.96417445,
          0,
          0.35843432,
          2.7627964,
          3.8535833,
          1
        ]
      },
      {
        "date" : 763610958.78191,
        "title" : "Untitled",
        "transform" : [
          0.99329025,
          3.821538e-09,
          -0.115647845,
          0,
          -0.02779539,
          0.97068757,
          -0.23873252,
          0,
          0.11225793,
          0.24034509,
          0.96417445,
          0,
          0.54493135,
          2.8624077,
          3.8070393,
          1
        ]
      },
      {
        "date" : 763610945.657047,
        "title" : "Untitled",
        "transform" : [
          0.99773747,
          3.993287e-09,
          0.0672308,
          0,
          0.019171532,
          0.95848,
          -0.28451464,
          0,
          -0.064439364,
          0.28515977,
          0.9563114,
          0,
          0.07582411,
          1.724038,
          4.1305113,
          1
        ]
      },
      {
        "date" : 763610939.341204,
        "title" : "Untitled",
        "transform" : [
          0.9894924,
          3.3522105e-09,
          0.1445846,
          0,
          0.016718393,
          0.99329233,
          -0.11441548,
          0,
          -0.14361478,
          0.11563041,
          0.98285514,
          0,
          -0.3629014,
          1.9691017,
          3.8866873,
          1
        ]
      }
    ]
  },
  "sceneViewportBackgroundColors" : {

  },
  "selectedSceneRelativePath" : "ImmersiveScene.usda"
}